n = 1000
Threads   Time
1   0.297975
Threads   TimeOMP1   TimeOMP2
2   0.127078   0.202008
4   0.123715   0.0779558
6   0.135032   0.0754574
8   0.15434   0.0594757
10   0.182461   0.0482667
12   0.21688   0.0408239
14   0.26252   0.0350166
16   0.307085   0.0362469

n = 2000
Threads   Time
1   1.18991
Threads   TimeOMP1   TimeOMP2
2   0.439896   0.637498
4   0.328761   0.359141
6   0.253968   0.236153
8   0.214321   0.235823
10   0.182502   0.191589
12   0.168799   0.160413
14   0.161067   0.139419
16   0.164862   0.136394

n = 5000
Threads   Time
1   6.10353
Threads   TimeOMP1   TimeOMP2
2   2.41831   3.19159
4   1.46006   1.73386
6   1.28914   1.3061
8   1.04163   1.1267
10   0.904621   1.01088
12   0.760504   0.85468
14   0.703574   0.763585
16   0.719036   0.703203

n = 7500
Threads   Time
1   14.252
Threads   TimeOMP1   TimeOMP2
2   5.27789   7.41735
4   3.15317   3.76746
6   2.83744   2.77733
8   2.3506   2.42079
10   1.90381   2.1511
12   1.70772   1.90521
14   1.57971   1.67256
16   2.55663   1.64601

n = 10000
Threads   Time
1   25.3215
Threads   TimeOMP1   TimeOMP2
2   9.54853   12.7651
4   5.79553   6.62081
6   5.39042   4.9936
8   4.82159   4.08339
10   4.37117   3.71189
12   4.23854   3.37427
14   4.47668   3.01209
16   5.00947   2.85006

