n = 1000
Threads   Time
1   0.0482189
Threads   TimeOMP1   TimeOMP2
2   0.027644   0.0257913
4   0.0191274   0.0132083
6   0.0168389   0.00901071
8   0.0199411   0.0130586
10   0.0213029   0.0105129
12   0.0212663   0.00885387

n = 2000
Threads   Time
1   0.194509
Threads   TimeOMP1   TimeOMP2
2   0.094436   0.103364
4   0.0575423   0.0524701
6   0.0479697   0.0360465
8   0.0590737   0.0526805
10   0.0588839   0.0419433
12   0.0568386   0.03497

n = 5000
Threads   Time
1   1.0314
Threads   TimeOMP1   TimeOMP2
2   0.45309   0.550891
4   0.250763   0.280426
6   0.188599   0.191419
8   0.254066   0.270415
10   0.228266   0.220628
12   0.206998   0.184665

n = 7500
Threads   Time
1   2.31021
Threads   TimeOMP1   TimeOMP2
2   0.988653   1.23759
4   0.535431   0.633496
6   0.391854   0.428813
8   0.541454   0.592121
10   0.47066   0.493293
12   0.417518   0.415268

n = 10000
Threads   Time
1   4.10555
Threads   TimeOMP1   TimeOMP2
2   1.73957   2.19831
4   0.926523   1.12432
6   0.659232   0.76172
8   0.934785   0.985385
10   0.793617   0.877596
12   0.70898   0.737655

n = 15000
Threads   Time
1   9.22396
Threads   TimeOMP1   TimeOMP2
2   3.84986   4.94988
4   2.0139   2.51797
6   1.41831   1.70952
8   2.04023   2.03815
10   1.69468   1.95033
12   1.48065   1.66846

n = 20000
Threads   Time
1   16.4481
Threads   TimeOMP1   TimeOMP2
2   6.84167   8.97446
4   3.55011   4.537
6   2.49714   3.0849
8   3.60524   3.56619
10   2.97886   3.37978
12   2.56741   2.95229

n = 25000
Threads   Time
1   25.6807
Threads   TimeOMP1   TimeOMP2
2   11.9998   14.0232
4   6.18425   7.08116
6   4.3011   4.82469
8   5.82078   5.45712
10   4.89911   5.13722
12   4.45215   4.64048

n = 30000
Threads   Time
1   37.2129
Threads   TimeOMP1   TimeOMP2
2   15.2646   20.1575
4   7.8743   10.1961
6   5.48283   6.94034
8   7.9716   7.80902
10   6.89   7.27623
12   6.10764   6.65143
