Max number of threads is 12
OMP1 == OMP2 here !!!!!!!!!!!!!!!




n = 1000
Threads   Time
 1        0.0526
Threads   TimeOMP1  TimeOMP2
 2        0.0723    0.0734
 4        0.0382    0.0381
 6        0.0255    0.0257
 8        0.1217    0.1295
10        0.1979    0.1797
12        0.1840    0.1828



n = 2000
Threads   Time
 1        0.2106
Threads   TimeOMP1  TimeOMP2
 2        0.2860    0.1078
 4        0.0998    0.1022
 6        0.0821    0.0748
 8        0.2117    0.2066
10        0.2154    0.2191
12        0.2178    0.2306



n = 5000
Threads   Time
 1        1.1023
Threads   TimeOMP1  TimeOMP2
 2        1.1455    1.1110
 4        0.6909    0.6778
 6        0.3719    0.3707
 8        0.4985    0.4660
10        0.6201    0.4514
12        0.5751    0.4580



n = 7500
Threads   Time
 1        2.4906
Threads   TimeOMP1  TimeOMP2
 2        2.3043    2.2614
 4        1.2624    1.7099
 6        1.1029    1.1827
 8        0.9990    1.1015
10        1.2081    1.1148
12        1.1303    1.1198



n = 10000
Threads   Time
 1        4.4407
Threads   TimeOMP1  TimeOMP2
 2        4.0143    3.6284
 4        2.9703    2.9595
 6        2.0665    2.0118
 8        1.8985    1.8565
10        1.9322    1.8401
12        1.7339    1.7783



n = 15000
Threads   Time
 1       10.0128
Threads   TimeOMP1  TimeOMP2
 2        5.8960    5.2320
 4        4.1437    5.0834
 6        4.1425    3.7608
 8        3.8771    3.8630
10        3.4643    3.7000
12        3.0557    3.0336



n = 20000
Threads   Time
 1       18.0420
Threads   TimeOMP1  TimeOMP2
 2       15.0620   12.8428
 4        9.7462    9.5108
 6        7.3587    6.0424
 8        6.6270    6.4897
10        6.2858    6.6623
12        5.9459    5.3765



n = 25000
Threads   Time
 1       29.2715
Threads   TimeOMP1  TimeOMP2
 2       17.1810   14.5764
 4       15.9824   10.9063
 6       11.6402    9.8413
 8        9.9832    9.8322
10       10.1955   10.3921
12        8.6035    9.3530



n = 30000
Threads   Time
 1       43.2645
Threads   TimeOMP1  TimeOMP2
 2       22.9841   21.0890
 4       21.7409   16.7522
 6       15.2117   18.6051
 8       13.3111   14.6373
10       12.8920   15.1859
12       13.1735   13.7575
