Max number of threads is 16


n = 1000
Threads   Time
 1        0.2985
Threads   TimeOMP1  TimeOMP2
 2        0.1159    0.2054
 4        0.0809    0.0804
 6        0.0600    0.0594
 8        0.0557    0.0607
10        0.0542    0.0490
12        0.0511    0.0416
14        0.0514    0.0362
16        0.0745    0.0337



n = 2000
Threads   Time
 1        1.1629
Threads   TimeOMP1  TimeOMP2
 2        0.4408    0.6570
 4        0.3253    0.3337
 6        0.2547    0.2245
 8        0.2139    0.2265
10        0.1845    0.1932
12        0.1674    0.1635
14        0.1580    0.1406
16        0.1587    0.1266



n = 5000
Threads   Time
 1        6.1912
Threads   TimeOMP1  TimeOMP2
 2        2.3431    3.2837
 4        1.3512    1.6879
 6        1.1669    1.2512
 8        1.0369    1.1474
10        0.8605    0.9818
12        0.7491    0.8548
14        0.6786    0.7487
16        0.6460    0.6694



n = 7500
Threads   Time
 1       13.8922
Threads   TimeOMP1  TimeOMP2
 2        5.2246    7.2515
 4        3.0586    3.8594
 6        2.5479    2.7703
 8        2.2756    2.4551
10        1.8788    2.1656
12        1.6157    1.9139
14        1.4427    1.6784
16        1.3510    1.5088



n = 10000
Threads   Time
 1       24.6396
Threads   TimeOMP1  TimeOMP2
 2        9.2631   12.8789
 4        5.4223    6.6191
 6        4.5441    4.8428
 8        3.9776    4.1922
10        3.2933    3.7693
12        2.8097    3.3735
14        2.5012    2.9623
16        2.3568    2.6725
