Max number of threads is 16


n = 1000
Threads   Time
 1        0.3015
Threads   TimeOMP1  TimeOMP2
 2        0.1194    0.2002
 4        0.0789    0.0905
 6        0.0556    0.0574
 8        0.0605    0.0600
10        0.0569    0.0491
12        0.0554    0.0409
14        0.0556    0.0362
16        0.0670    0.0462



n = 2000
Threads   Time
 1        1.1851
Threads   TimeOMP1  TimeOMP2
 2        0.4497    0.6525
 4        0.2796    0.3340
 6        0.2579    0.2503
 8        0.2167    0.2208
10        0.1891    0.1914
12        0.1700    0.1623
14        0.1602    0.1399
16        0.1797    0.1328



n = 5000
Threads   Time
 1        6.3410
Threads   TimeOMP1  TimeOMP2
 2        2.3461    3.2573
 4        1.4444    1.6806
 6        1.1863    1.2547
 8        1.0275    1.0959
10        0.8617    0.9692
12        0.7461    0.8427
14        0.6797    0.7362
16        0.6565    0.7296



n = 7500
Threads   Time
 1       14.2994
Threads   TimeOMP1  TimeOMP2
 2        5.2512    7.2590
 4        2.9205    3.8317
 6        2.7437    2.7494
 8        2.2914    2.3976
10        1.9008    2.1236
12        1.6411    1.8766
14        1.4731    1.6584
16        1.5346    1.4960



n = 10000
Threads   Time
 1       25.4733
Threads   TimeOMP1  TimeOMP2
 2        9.3328   12.8811
 4        5.3719    6.6831
 6        4.6147    4.8541
 8        3.8996    4.0811
10        3.2927    3.6275
12        2.8100    3.2184
14        2.4958    2.9335
16        2.4417    2.6766
