Max number of threads is 16


n = 1000
Threads   Time
 1        0.3045
Threads   TimeOMP1  TimeOMP2
 2        0.1172    0.2104
 4        0.0631    0.0898
 6        0.0705    0.0626
 8        0.0602    0.0529
10        0.0546    0.0493
12        0.0519    0.0418
14        0.0556    0.0363
16        0.1084    0.0341



n = 2000
Threads   Time
 1        1.1987
Threads   TimeOMP1  TimeOMP2
 2        0.4384    0.6546
 4        0.2645    0.3065
 6        0.2274    0.2245
 8        0.2117    0.2375
10        0.1827    0.1956
12        0.1671    0.1646
14        0.1564    0.1421
16        0.1655    0.1304



n = 5000
Threads   Time
 1        6.4369
Threads   TimeOMP1  TimeOMP2
 2        2.3451    3.2783
 4        1.4042    1.6653
 6        1.1968    1.2564
 8        1.0437    1.0707
10        0.8593    0.9841
12        0.7498    0.8476
14        0.6974    0.7545
16        0.7068    0.6904



n = 7500
Threads   Time
 1       14.4509
Threads   TimeOMP1  TimeOMP2
 2        5.2250    7.3007
 4        3.0529    3.7991
 6        2.5752    2.7472
 8        2.2645    2.4382
10        1.8800    2.1317
12        1.6147    1.8795
14        1.4408    1.7096
16        1.3822    1.7213



n = 10000
Threads   Time
 1       25.6224
Threads   TimeOMP1  TimeOMP2
 2        9.3577   12.9290
 4        5.5381    6.8082
 6        4.5243    4.9594
 8        3.9455    4.0970
10        3.2853    3.7967
12        2.8064    3.3863
14        2.4936    3.0013
16        2.3158    2.7106
