Max number of threads is 12
OMP1 == OMP2 here !!!!!!!!!!!!!!!




n = 1000
Threads   Time
 1        0.0576
Threads   TimeOMP1  TimeOMP2
 2        0.0643    0.0704
 4        0.0334    0.0342
 6        0.0221    0.0227
 8        0.1459    0.1470
10        0.1850    0.1855
12        0.1865    0.1912



n = 2000
Threads   Time
 1        0.2314
Threads   TimeOMP1  TimeOMP2
 2        0.1905    0.2725
 4        0.1326    0.1345
 6        0.0885    0.0900
 8        0.1654    0.2485
10        0.2257    0.2300
12        0.2245    0.2206



n = 5000
Threads   Time
 1        1.1814
Threads   TimeOMP1  TimeOMP2
 2        1.0492    0.7499
 4        0.6951    0.5581
 6        0.4658    0.3911
 8        0.5123    0.5331
10        0.5286    0.4693
12        0.5023    0.4564



n = 7500
Threads   Time
 1        2.6490
Threads   TimeOMP1  TimeOMP2
 2        2.2782    1.9086
 4        1.5586    1.3363
 6        1.0456    0.8983
 8        1.0806    0.9655
10        1.0403    0.9200
12        0.9873    0.8901



n = 10000
Threads   Time
 1        4.6926
Threads   TimeOMP1  TimeOMP2
 2        2.6855    3.3577
 4        2.1537    2.0614
 6        1.7632    1.5623
 8        1.8085    1.5349
10        1.7328    1.4764
12        1.6623    1.4910



n = 15000
Threads   Time
 1       10.6535
Threads   TimeOMP1  TimeOMP2
 2        8.9620    6.6835
 4        6.0088    5.0167
 6        4.3183    4.3089
 8        3.8645    3.8922
10        3.8615    3.8889
12        3.3096    3.5389



n = 20000
Threads   Time
 1       18.9409
Threads   TimeOMP1  TimeOMP2
 2       13.3728   13.5501
 4        6.8052   11.1370
 6        7.0403    7.9691
 8        6.5536    7.1604
10        6.3271    7.3460
12        6.2354    6.4515



n = 25000
Threads   Time
 1       27.7045
Threads   TimeOMP1  TimeOMP2
 2       16.1248   16.9599
 4       13.4554   15.0368
 6       11.9413   11.0900
 8       10.1685   10.4012
10       10.5043   10.4646
12        8.1943    8.9463



n = 30000
Threads   Time
 1       41.8035
Threads   TimeOMP1  TimeOMP2
 2       28.8155   25.8108
 4       21.1472   23.1867
 6       15.9730   15.4068
 8       13.3967   14.6635
10       14.5017   13.8179
12       11.8024   13.3063
