Max number of threads is 12

n = 1000
Threads   Time_1    Time_2    Time_3
 1        0.0526    0.0538    0.0576
 2        0.0723    0.0734    0.0704
 4        0.0382    0.0381    0.0342
 6        0.0255    0.0257    0.0227
 8        0.1217    0.1295    0.1470
10        0.1979    0.1797    0.1855
12        0.1840    0.1828    0.1912

n = 2000
 1        0.2106    0.2069    0.2314
 2        0.2860    0.1078    0.1905
 4        0.0998    0.1022    0.1326
 6        0.0821    0.0748    0.0885
 8        0.2117    0.2066    0.1654
10        0.2154    0.2191    0.2257
12        0.2178    0.2306    0.2245

n = 5000
 1        1.1023    1.1178    1.1814
 2        1.1455    1.1110    1.0492
 4        0.6909    0.6778    0.6951
 6        0.3719    0.3707    0.4658
 8        0.4985    0.4660    0.5123
10        0.6201    0.4514    0.5286
12        0.5751    0.4580    0.5023

n = 7500
 1        2.4906    2.4578    2.6490
 2        2.3043    2.2614    2.2782
 4        1.2624    1.7099    1.5586
 6        1.1029    1.1827    1.0456
 8        0.9990    1.1015    1.0806
10        1.2081    1.1148    1.0403
12        1.1303    1.1198    0.9873

n = 10000
 1        4.4407    4.3272    4.6926
 2        4.0143    3.6284    2.6855
 4        2.9703    2.9595    2.1537
 6        2.0665    2.0118    1.7632
 8        1.8985    1.8565    1.8085
10        1.9322    1.8401    1.7328
12        1.7339    1.7783    1.6623

n = 15000
 1       10.0128   10.2170   10.6535
 2        5.8960    5.2320    8.9620
 4        4.1437    5.0834    6.0088
 6        4.1425    3.7608    4.3183
 8        3.8771    3.8630    3.8645
10        3.4643    3.7000    3.8615
12        3.0557    3.0336    3.3096

n = 20000
 1       18.0420   18.5473   18.9409
 2       15.0620   12.8428   13.3728
 4        9.7462    9.5108    6.8052
 6        7.3587    6.0424    7.0403
 8        6.6270    6.4897    6.5536
10        6.2858    6.6623    6.3271
12        5.9459    5.3765    6.2354

n = 25000
 1       29.2715   27.9905   27.7045
 2       17.1810   14.5764   16.1248
 4       15.9824   10.9063   13.4554
 6       11.6402    9.8413   11.9413
 8        9.9832    9.8322   10.1685
10       10.1955   10.3921   10.5043
12        8.6035    9.3530    8.1943

n = 30000
 1       43.2645   42.5748   41.8035
 2       22.9841   21.0890   28.8155
 4       21.7409   16.7522   21.1472
 6       15.2117   18.6051   15.9730
 8       13.3111   14.6373   13.3967
10       12.8920   15.1859   14.5017
12       13.1735   13.7575   11.8024