Max number of threads is 6

n = 60
Threads  Time_1    Time_2    Time_3
1        0.00102   0.00101   0.00104
2        0.00019   0.00020   0.00019
3        0.00019   0.00020   0.00019
4        0.00023   0.00028   0.00057
5        0.00047   0.00029   0.00045
6        0.00033   0.00034   0.00032

n = 120
Threads  Time_1    Time_2    Time_3
1        0.00328   0.00317   0.00319
2        0.00212   0.00210   0.00208
3        0.00038   0.00038   0.00038
4        0.00052   0.00050   0.00041
5        0.00045   0.00036   0.00047
6        0.00048   0.00050   0.00039

n = 180
Threads  Time_1    Time_2    Time_3
1        0.00364   0.00393   0.00347
2        0.00091   0.00227   0.00229
3        0.00071   0.00146   0.00072
4        0.00088   0.00089   0.00063
5        0.00082   0.00085   0.00084
6        0.00086   0.00075   0.00080

n = 240
Threads  Time_1    Time_2    Time_3
1        0.00439   0.00435   0.00453
2        0.00266   0.00257   0.00260
3        0.00183   0.00120   0.00118
4        0.00146   0.00105   0.00099
5        0.00095   0.00091   0.00092
6        0.00119   0.00118   0.00090

n = 360
Threads  Time_1    Time_2    Time_3
1        0.00557   0.00572   0.00563
2        0.00291   0.00318   0.00327
3        0.00222   0.00237   0.00222
4        0.00286   0.00191   0.00189
5        0.00244   0.00243   0.00170
6        0.00213   0.00160   0.00216

n = 480
Threads  Time_1    Time_2    Time_3
1        0.00921   0.00907   0.00931
2        0.00518   0.00523   0.00527
3        0.00395   0.00396   0.00394
4        0.00485   0.00322   0.00323
5        0.00297   0.00300   0.00295
6        0.00369   0.00265   0.00265

n = 720
Threads  Time_1    Time_2    Time_3
1        0.01860   0.01807   0.01884
2        0.01063   0.01085   0.01101
3        0.00816   0.00815   0.00817
4        0.00683   0.00675   0.00689
5        0.00593   0.00599   0.00601
6        0.00560   0.00557   0.00747

n = 960
Threads  Time_1    Time_2    Time_3
1        0.03318   0.03336   0.03344
2        0.01957   0.01980   0.01986
3        0.01514   0.01479   0.01515
4        0.01238   0.01278   0.01251
5        0.01117   0.01128   0.01097
6        0.01021   0.01026   0.01040

n = 1020
Threads  Time_1    Time_2    Time_3
1        0.03835   0.03853   0.03782
2        0.02250   0.02235   0.02236
3        0.01718   0.01738   0.01716
4        0.01447   0.01424   0.01439
5        0.01278   0.01282   0.01283
6        0.01176   0.01186   0.01165